{"0": {"cam_idx": [0, 1, 2, 3, 4, 5], "image": ["/shares/datasets/carla/Town04_100npcs/agents/0/left_front_camera/84459.png", "/shares/datasets/carla/Town04_100npcs/agents/0/front_camera/84459.png", "/shares/datasets/carla/Town04_100npcs/agents/0/right_front_camera/84459.png", "/shares/datasets/carla/Town04_100npcs/agents/0/left_back_camera/84459.png", "/shares/datasets/carla/Town04_100npcs/agents/0/back_camera/84459.png", "/shares/datasets/carla/Town04_100npcs/agents/0/right_back_camera/84459.png"], "intrinsics": [[[800.0, 0.0, 800.0], [0.0, 800.0, 450.0], [0.0, 0.0, 1.0]], [[800.0, 0.0, 800.0], [0.0, 800.0, 450.0], [0.0, 0.0, 1.0]], [[800.0, 0.0, 800.0], [0.0, 800.0, 450.0], [0.0, 0.0, 1.0]], [[800.0, 0.0, 800.0], [0.0, 800.0, 450.0], [0.0, 0.0, 1.0]], [[800.0, 0.0, 800.0], [0.0, 800.0, 450.0], [0.0, 0.0, 1.0]], [[800.0, 0.0, 800.0], [0.0, 800.0, 450.0], [0.0, 0.0, 1.0]]], "extrinsics": [[[0.5, -5.302876236065149e-17, -0.8660253882408142, 0.0], [0.8660253882408142, 3.0616171314629196e-17, 0.5, 0.0], [0.0, -1.0, 6.123234262925839e-17, 2.4000000953674316], [0.0, 0.0, 0.0, 1.0]], [[1.0, 0.0, 0.0, 0.0], [-0.0, 6.123234262925839e-17, 1.0, 0.0], [0.0, -1.0, 6.123234262925839e-17, 2.4000000953674316], [0.0, 0.0, 0.0, 1.0]], [[0.5, 5.302876236065149e-17, 0.8660253882408142, 0.0], [-0.8660253882408142, 3.0616171314629196e-17, 0.5, 0.0], [0.0, -1.0, 6.123234262925839e-17, 2.4000000953674316], [0.0, 0.0, 0.0, 1.0]], [[-0.5, -5.302876236065149e-17, -0.8660253882408142, 0.0], [0.8660253882408142, -3.0616171314629196e-17, -0.5, 0.0], [0.0, -1.0, 6.123234262925839e-17, 2.4000000953674316], [0.0, 0.0, 0.0, 1.0]], [[-1.0, 7.498798786105971e-33, 1.2246468525851679e-16, 0.0], [-1.2246468525851679e-16, -6.123234262925839e-17, -1.0, 0.0], [0.0, -1.0, 6.123234262925839e-17, 2.4000000953674316], [0.0, 0.0, 0.0, 1.0]], [[-0.5, 5.302876236065149e-17, 0.8660253882408142, 0.0], [-0.8660253882408142, -3.0616171314629196e-17, -0.5, 0.0], [0.0, -1.0, 6.123234262925839e-17, 2.4000000953674316], [0.0, 0.0, 0.0, 1.0]]], "bev": "/shares/datasets/carla/Town04_100npcs/agents/0/birds_view_semantic_camera/84459.png", "pose": [[1.0, 0.0, 0.0, 0.0], [-0.0, 6.123234262925839e-17, 1.0, 0.0], [0.0, -1.0, 6.123234262925839e-17, 2.4000000953674316], [0.0, 0.0, 0.0, 1.0]]}, "1": {"cam_idx": [0, 1, 2, 3, 4, 5], "image": ["/shares/datasets/carla/Town04_100npcs/agents/0/left_front_camera/78559.png", "/shares/datasets/carla/Town04_100npcs/agents/0/front_camera/78559.png", "/shares/datasets/carla/Town04_100npcs/agents/0/right_front_camera/78559.png", "/shares/datasets/carla/Town04_100npcs/agents/0/left_back_camera/78559.png", "/shares/datasets/carla/Town04_100npcs/agents/0/back_camera/78559.png", "/shares/datasets/carla/Town04_100npcs/agents/0/right_back_camera/78559.png"], "intrinsics": [[[800.0, 0.0, 800.0], [0.0, 800.0, 450.0], [0.0, 0.0, 1.0]], [[800.0, 0.0, 800.0], [0.0, 800.0, 450.0], [0.0, 0.0, 1.0]], [[800.0, 0.0, 800.0], [0.0, 800.0, 450.0], [0.0, 0.0, 1.0]], [[800.0, 0.0, 800.0], [0.0, 800.0, 450.0], [0.0, 0.0, 1.0]], [[800.0, 0.0, 800.0], [0.0, 800.0, 450.0], [0.0, 0.0, 1.0]], [[800.0, 0.0, 800.0], [0.0, 800.0, 450.0], [0.0, 0.0, 1.0]]], "extrinsics": [[[0.5, -5.302876236065149e-17, -0.8660253882408142, 0.0], [0.8660253882408142, 3.0616171314629196e-17, 0.5, 0.0], [0.0, -1.0, 6.123234262925839e-17, 2.4000000953674316], [0.0, 0.0, 0.0, 1.0]], [[1.0, 0.0, 0.0, 0.0], [-0.0, 6.123234262925839e-17, 1.0, 0.0], [0.0, -1.0, 6.123234262925839e-17, 2.4000000953674316], [0.0, 0.0, 0.0, 1.0]], [[0.5, 5.302876236065149e-17, 0.8660253882408142, 0.0], [-0.8660253882408142, 3.0616171314629196e-17, 0.5, 0.0], [0.0, -1.0, 6.123234262925839e-17, 2.4000000953674316], [0.0, 0.0, 0.0, 1.0]], [[-0.5, -5.302876236065149e-17, -0.8660253882408142, 0.0], [0.8660253882408142, -3.0616171314629196e-17, -0.5, 0.0], [0.0, -1.0, 6.123234262925839e-17, 2.4000000953674316], [0.0, 0.0, 0.0, 1.0]], [[-1.0, 7.498798786105971e-33, 1.2246468525851679e-16, 0.0], [-1.2246468525851679e-16, -6.123234262925839e-17, -1.0, 0.0], [0.0, -1.0, 6.123234262925839e-17, 2.4000000953674316], [0.0, 0.0, 0.0, 1.0]], [[-0.5, 5.302876236065149e-17, 0.8660253882408142, 0.0], [-0.8660253882408142, -3.0616171314629196e-17, -0.5, 0.0], [0.0, -1.0, 6.123234262925839e-17, 2.4000000953674316], [0.0, 0.0, 0.0, 1.0]]], "bev": "/shares/datasets/carla/Town04_100npcs/agents/0/birds_view_semantic_camera/78559.png", "pose": [[1.0, 0.0, 0.0, 0.0], [-0.0, 6.123234262925839e-17, 1.0, 0.0], [0.0, -1.0, 6.123234262925839e-17, 2.4000000953674316], [0.0, 0.0, 0.0, 1.0]]}, "2": {"cam_idx": [0, 1, 2, 3, 4, 5], "image": ["/shares/datasets/carla/Town04_100npcs/agents/0/left_front_camera/84209.png", "/shares/datasets/carla/Town04_100npcs/agents/0/front_camera/84209.png", "/shares/datasets/carla/Town04_100npcs/agents/0/right_front_camera/84209.png", "/shares/datasets/carla/Town04_100npcs/agents/0/left_back_camera/84209.png", "/shares/datasets/carla/Town04_100npcs/agents/0/back_camera/84209.png", "/shares/datasets/carla/Town04_100npcs/agents/0/right_back_camera/84209.png"], "intrinsics": [[[800.0, 0.0, 800.0], [0.0, 800.0, 450.0], [0.0, 0.0, 1.0]], [[800.0, 0.0, 800.0], [0.0, 800.0, 450.0], [0.0, 0.0, 1.0]], [[800.0, 0.0, 800.0], [0.0, 800.0, 450.0], [0.0, 0.0, 1.0]], [[800.0, 0.0, 800.0], [0.0, 800.0, 450.0], [0.0, 0.0, 1.0]], [[800.0, 0.0, 800.0], [0.0, 800.0, 450.0], [0.0, 0.0, 1.0]], [[800.0, 0.0, 800.0], [0.0, 800.0, 450.0], [0.0, 0.0, 1.0]]], "extrinsics": [[[0.5, -5.302876236065149e-17, -0.8660253882408142, 0.0], [0.8660253882408142, 3.0616171314629196e-17, 0.5, 0.0], [0.0, -1.0, 6.123234262925839e-17, 2.4000000953674316], [0.0, 0.0, 0.0, 1.0]], [[1.0, 0.0, 0.0, 0.0], [-0.0, 6.123234262925839e-17, 1.0, 0.0], [0.0, -1.0, 6.123234262925839e-17, 2.4000000953674316], [0.0, 0.0, 0.0, 1.0]], [[0.5, 5.302876236065149e-17, 0.8660253882408142, 0.0], [-0.8660253882408142, 3.0616171314629196e-17, 0.5, 0.0], [0.0, -1.0, 6.123234262925839e-17, 2.4000000953674316], [0.0, 0.0, 0.0, 1.0]], [[-0.5, -5.302876236065149e-17, -0.8660253882408142, 0.0], [0.8660253882408142, -3.0616171314629196e-17, -0.5, 0.0], [0.0, -1.0, 6.123234262925839e-17, 2.4000000953674316], [0.0, 0.0, 0.0, 1.0]], [[-1.0, 7.498798786105971e-33, 1.2246468525851679e-16, 0.0], [-1.2246468525851679e-16, -6.123234262925839e-17, -1.0, 0.0], [0.0, -1.0, 6.123234262925839e-17, 2.4000000953674316], [0.0, 0.0, 0.0, 1.0]], [[-0.5, 5.302876236065149e-17, 0.8660253882408142, 0.0], [-0.8660253882408142, -3.0616171314629196e-17, -0.5, 0.0], [0.0, -1.0, 6.123234262925839e-17, 2.4000000953674316], [0.0, 0.0, 0.0, 1.0]]], "bev": "/shares/datasets/carla/Town04_100npcs/agents/0/birds_view_semantic_camera/84209.png", "pose": [[1.0, 0.0, 0.0, 0.0], [-0.0, 6.123234262925839e-17, 1.0, 0.0], [0.0, -1.0, 6.123234262925839e-17, 2.4000000953674316], [0.0, 0.0, 0.0, 1.0]]}, "3": {"cam_idx": [0, 1, 2, 3, 4, 5], "image": ["/shares/datasets/carla/Town04_100npcs/agents/0/left_front_camera/80889.png", "/shares/datasets/carla/Town04_100npcs/agents/0/front_camera/80889.png", "/shares/datasets/carla/Town04_100npcs/agents/0/right_front_camera/80889.png", "/shares/datasets/carla/Town04_100npcs/agents/0/left_back_camera/80889.png", "/shares/datasets/carla/Town04_100npcs/agents/0/back_camera/80889.png", "/shares/datasets/carla/Town04_100npcs/agents/0/right_back_camera/80889.png"], "intrinsics": [[[800.0, 0.0, 800.0], [0.0, 800.0, 450.0], [0.0, 0.0, 1.0]], [[800.0, 0.0, 800.0], [0.0, 800.0, 450.0], [0.0, 0.0, 1.0]], [[800.0, 0.0, 800.0], [0.0, 800.0, 450.0], [0.0, 0.0, 1.0]], [[800.0, 0.0, 800.0], [0.0, 800.0, 450.0], [0.0, 0.0, 1.0]], [[800.0, 0.0, 800.0], [0.0, 800.0, 450.0], [0.0, 0.0, 1.0]], [[800.0, 0.0, 800.0], [0.0, 800.0, 450.0], [0.0, 0.0, 1.0]]], "extrinsics": [[[0.5, -5.302876236065149e-17, -0.8660253882408142, 0.0], [0.8660253882408142, 3.0616171314629196e-17, 0.5, 0.0], [0.0, -1.0, 6.123234262925839e-17, 2.4000000953674316], [0.0, 0.0, 0.0, 1.0]], [[1.0, 0.0, 0.0, 0.0], [-0.0, 6.123234262925839e-17, 1.0, 0.0], [0.0, -1.0, 6.123234262925839e-17, 2.4000000953674316], [0.0, 0.0, 0.0, 1.0]], [[0.5, 5.302876236065149e-17, 0.8660253882408142, 0.0], [-0.8660253882408142, 3.0616171314629196e-17, 0.5, 0.0], [0.0, -1.0, 6.123234262925839e-17, 2.4000000953674316], [0.0, 0.0, 0.0, 1.0]], [[-0.5, -5.302876236065149e-17, -0.8660253882408142, 0.0], [0.8660253882408142, -3.0616171314629196e-17, -0.5, 0.0], [0.0, -1.0, 6.123234262925839e-17, 2.4000000953674316], [0.0, 0.0, 0.0, 1.0]], [[-1.0, 7.498798786105971e-33, 1.2246468525851679e-16, 0.0], [-1.2246468525851679e-16, -6.123234262925839e-17, -1.0, 0.0], [0.0, -1.0, 6.123234262925839e-17, 2.4000000953674316], [0.0, 0.0, 0.0, 1.0]], [[-0.5, 5.302876236065149e-17, 0.8660253882408142, 0.0], [-0.8660253882408142, -3.0616171314629196e-17, -0.5, 0.0], [0.0, -1.0, 6.123234262925839e-17, 2.4000000953674316], [0.0, 0.0, 0.0, 1.0]]], "bev": "/shares/datasets/carla/Town04_100npcs/agents/0/birds_view_semantic_camera/80889.png", "pose": [[1.0, 0.0, 0.0, 0.0], [-0.0, 6.123234262925839e-17, 1.0, 0.0], [0.0, -1.0, 6.123234262925839e-17, 2.4000000953674316], [0.0, 0.0, 0.0, 1.0]]}, "4": {"cam_idx": [0, 1, 2, 3, 4, 5], "image": ["/shares/datasets/carla/Town04_100npcs/agents/0/left_front_camera/86169.png", "/shares/datasets/carla/Town04_100npcs/agents/0/front_camera/86169.png", "/shares/datasets/carla/Town04_100npcs/agents/0/right_front_camera/86169.png", "/shares/datasets/carla/Town04_100npcs/agents/0/left_back_camera/86169.png", "/shares/datasets/carla/Town04_100npcs/agents/0/back_camera/86169.png", "/shares/datasets/carla/Town04_100npcs/agents/0/right_back_camera/86169.png"], "intrinsics": [[[800.0, 0.0, 800.0], [0.0, 800.0, 450.0], [0.0, 0.0, 1.0]], [[800.0, 0.0, 800.0], [0.0, 800.0, 450.0], [0.0, 0.0, 1.0]], [[800.0, 0.0, 800.0], [0.0, 800.0, 450.0], [0.0, 0.0, 1.0]], [[800.0, 0.0, 800.0], [0.0, 800.0, 450.0], [0.0, 0.0, 1.0]], [[800.0, 0.0, 800.0], [0.0, 800.0, 450.0], [0.0, 0.0, 1.0]], [[800.0, 0.0, 800.0], [0.0, 800.0, 450.0], [0.0, 0.0, 1.0]]], "extrinsics": [[[0.5, -5.302876236065149e-17, -0.8660253882408142, 0.0], [0.8660253882408142, 3.0616171314629196e-17, 0.5, 0.0], [0.0, -1.0, 6.123234262925839e-17, 2.4000000953674316], [0.0, 0.0, 0.0, 1.0]], [[1.0, 0.0, 0.0, 0.0], [-0.0, 6.123234262925839e-17, 1.0, 0.0], [0.0, -1.0, 6.123234262925839e-17, 2.4000000953674316], [0.0, 0.0, 0.0, 1.0]], [[0.5, 5.302876236065149e-17, 0.8660253882408142, 0.0], [-0.8660253882408142, 3.0616171314629196e-17, 0.5, 0.0], [0.0, -1.0, 6.123234262925839e-17, 2.4000000953674316], [0.0, 0.0, 0.0, 1.0]], [[-0.5, -5.302876236065149e-17, -0.8660253882408142, 0.0], [0.8660253882408142, -3.0616171314629196e-17, -0.5, 0.0], [0.0, -1.0, 6.123234262925839e-17, 2.4000000953674316], [0.0, 0.0, 0.0, 1.0]], [[-1.0, 7.498798786105971e-33, 1.2246468525851679e-16, 0.0], [-1.2246468525851679e-16, -6.123234262925839e-17, -1.0, 0.0], [0.0, -1.0, 6.123234262925839e-17, 2.4000000953674316], [0.0, 0.0, 0.0, 1.0]], [[-0.5, 5.302876236065149e-17, 0.8660253882408142, 0.0], [-0.8660253882408142, -3.0616171314629196e-17, -0.5, 0.0], [0.0, -1.0, 6.123234262925839e-17, 2.4000000953674316], [0.0, 0.0, 0.0, 1.0]]], "bev": "/shares/datasets/carla/Town04_100npcs/agents/0/birds_view_semantic_camera/86169.png", "pose": [[1.0, 0.0, 0.0, 0.0], [-0.0, 6.123234262925839e-17, 1.0, 0.0], [0.0, -1.0, 6.123234262925839e-17, 2.4000000953674316], [0.0, 0.0, 0.0, 1.0]]}, "5": {"cam_idx": [0, 1, 2, 3, 4, 5], "image": ["/shares/datasets/carla/Town04_100npcs/agents/0/left_front_camera/82759.png", "/shares/datasets/carla/Town04_100npcs/agents/0/front_camera/82759.png", "/shares/datasets/carla/Town04_100npcs/agents/0/right_front_camera/82759.png", "/shares/datasets/carla/Town04_100npcs/agents/0/left_back_camera/82759.png", "/shares/datasets/carla/Town04_100npcs/agents/0/back_camera/82759.png", "/shares/datasets/carla/Town04_100npcs/agents/0/right_back_camera/82759.png"], "intrinsics": [[[800.0, 0.0, 800.0], [0.0, 800.0, 450.0], [0.0, 0.0, 1.0]], [[800.0, 0.0, 800.0], [0.0, 800.0, 450.0], [0.0, 0.0, 1.0]], [[800.0, 0.0, 800.0], [0.0, 800.0, 450.0], [0.0, 0.0, 1.0]], [[800.0, 0.0, 800.0], [0.0, 800.0, 450.0], [0.0, 0.0, 1.0]], [[800.0, 0.0, 800.0], [0.0, 800.0, 450.0], [0.0, 0.0, 1.0]], [[800.0, 0.0, 800.0], [0.0, 800.0, 450.0], [0.0, 0.0, 1.0]]], "extrinsics": [[[0.5, -5.302876236065149e-17, -0.8660253882408142, 0.0], [0.8660253882408142, 3.0616171314629196e-17, 0.5, 0.0], [0.0, -1.0, 6.123234262925839e-17, 2.4000000953674316], [0.0, 0.0, 0.0, 1.0]], [[1.0, 0.0, 0.0, 0.0], [-0.0, 6.123234262925839e-17, 1.0, 0.0], [0.0, -1.0, 6.123234262925839e-17, 2.4000000953674316], [0.0, 0.0, 0.0, 1.0]], [[0.5, 5.302876236065149e-17, 0.8660253882408142, 0.0], [-0.8660253882408142, 3.0616171314629196e-17, 0.5, 0.0], [0.0, -1.0, 6.123234262925839e-17, 2.4000000953674316], [0.0, 0.0, 0.0, 1.0]], [[-0.5, -5.302876236065149e-17, -0.8660253882408142, 0.0], [0.8660253882408142, -3.0616171314629196e-17, -0.5, 0.0], [0.0, -1.0, 6.123234262925839e-17, 2.4000000953674316], [0.0, 0.0, 0.0, 1.0]], [[-1.0, 7.498798786105971e-33, 1.2246468525851679e-16, 0.0], [-1.2246468525851679e-16, -6.123234262925839e-17, -1.0, 0.0], [0.0, -1.0, 6.123234262925839e-17, 2.4000000953674316], [0.0, 0.0, 0.0, 1.0]], [[-0.5, 5.302876236065149e-17, 0.8660253882408142, 0.0], [-0.8660253882408142, -3.0616171314629196e-17, -0.5, 0.0], [0.0, -1.0, 6.123234262925839e-17, 2.4000000953674316], [0.0, 0.0, 0.0, 1.0]]], "bev": "/shares/datasets/carla/Town04_100npcs/agents/0/birds_view_semantic_camera/82759.png", "pose": [[1.0, 0.0, 0.0, 0.0], [-0.0, 6.123234262925839e-17, 1.0, 0.0], [0.0, -1.0, 6.123234262925839e-17, 2.4000000953674316], [0.0, 0.0, 0.0, 1.0]]}, "6": {"cam_idx": [0, 1, 2, 3, 4, 5], "image": ["/shares/datasets/carla/Town04_100npcs/agents/0/left_front_camera/83189.png", "/shares/datasets/carla/Town04_100npcs/agents/0/front_camera/83189.png", "/shares/datasets/carla/Town04_100npcs/agents/0/right_front_camera/83189.png", "/shares/datasets/carla/Town04_100npcs/agents/0/left_back_camera/83189.png", "/shares/datasets/carla/Town04_100npcs/agents/0/back_camera/83189.png", "/shares/datasets/carla/Town04_100npcs/agents/0/right_back_camera/83189.png"], "intrinsics": [[[800.0, 0.0, 800.0], [0.0, 800.0, 450.0], [0.0, 0.0, 1.0]], [[800.0, 0.0, 800.0], [0.0, 800.0, 450.0], [0.0, 0.0, 1.0]], [[800.0, 0.0, 800.0], [0.0, 800.0, 450.0], [0.0, 0.0, 1.0]], [[800.0, 0.0, 800.0], [0.0, 800.0, 450.0], [0.0, 0.0, 1.0]], [[800.0, 0.0, 800.0], [0.0, 800.0, 450.0], [0.0, 0.0, 1.0]], [[800.0, 0.0, 800.0], [0.0, 800.0, 450.0], [0.0, 0.0, 1.0]]], "extrinsics": [[[0.5, -5.302876236065149e-17, -0.8660253882408142, 0.0], [0.8660253882408142, 3.0616171314629196e-17, 0.5, 0.0], [0.0, -1.0, 6.123234262925839e-17, 2.4000000953674316], [0.0, 0.0, 0.0, 1.0]], [[1.0, 0.0, 0.0, 0.0], [-0.0, 6.123234262925839e-17, 1.0, 0.0], [0.0, -1.0, 6.123234262925839e-17, 2.4000000953674316], [0.0, 0.0, 0.0, 1.0]], [[0.5, 5.302876236065149e-17, 0.8660253882408142, 0.0], [-0.8660253882408142, 3.0616171314629196e-17, 0.5, 0.0], [0.0, -1.0, 6.123234262925839e-17, 2.4000000953674316], [0.0, 0.0, 0.0, 1.0]], [[-0.5, -5.302876236065149e-17, -0.8660253882408142, 0.0], [0.8660253882408142, -3.0616171314629196e-17, -0.5, 0.0], [0.0, -1.0, 6.123234262925839e-17, 2.4000000953674316], [0.0, 0.0, 0.0, 1.0]], [[-1.0, 7.498798786105971e-33, 1.2246468525851679e-16, 0.0], [-1.2246468525851679e-16, -6.123234262925839e-17, -1.0, 0.0], [0.0, -1.0, 6.123234262925839e-17, 2.4000000953674316], [0.0, 0.0, 0.0, 1.0]], [[-0.5, 5.302876236065149e-17, 0.8660253882408142, 0.0], [-0.8660253882408142, -3.0616171314629196e-17, -0.5, 0.0], [0.0, -1.0, 6.123234262925839e-17, 2.4000000953674316], [0.0, 0.0, 0.0, 1.0]]], "bev": "/shares/datasets/carla/Town04_100npcs/agents/0/birds_view_semantic_camera/83189.png", "pose": [[1.0, 0.0, 0.0, 0.0], [-0.0, 6.123234262925839e-17, 1.0, 0.0], [0.0, -1.0, 6.123234262925839e-17, 2.4000000953674316], [0.0, 0.0, 0.0, 1.0]]}, "7": {"cam_idx": [0, 1, 2, 3, 4, 5], "image": ["/shares/datasets/carla/Town04_100npcs/agents/0/left_front_camera/80149.png", "/shares/datasets/carla/Town04_100npcs/agents/0/front_camera/80149.png", "/shares/datasets/carla/Town04_100npcs/agents/0/right_front_camera/80149.png", "/shares/datasets/carla/Town04_100npcs/agents/0/left_back_camera/80149.png", "/shares/datasets/carla/Town04_100npcs/agents/0/back_camera/80149.png", "/shares/datasets/carla/Town04_100npcs/agents/0/right_back_camera/80149.png"], "intrinsics": [[[800.0, 0.0, 800.0], [0.0, 800.0, 450.0], [0.0, 0.0, 1.0]], [[800.0, 0.0, 800.0], [0.0, 800.0, 450.0], [0.0, 0.0, 1.0]], [[800.0, 0.0, 800.0], [0.0, 800.0, 450.0], [0.0, 0.0, 1.0]], [[800.0, 0.0, 800.0], [0.0, 800.0, 450.0], [0.0, 0.0, 1.0]], [[800.0, 0.0, 800.0], [0.0, 800.0, 450.0], [0.0, 0.0, 1.0]], [[800.0, 0.0, 800.0], [0.0, 800.0, 450.0], [0.0, 0.0, 1.0]]], "extrinsics": [[[0.5, -5.302876236065149e-17, -0.8660253882408142, 0.0], [0.8660253882408142, 3.0616171314629196e-17, 0.5, 0.0], [0.0, -1.0, 6.123234262925839e-17, 2.4000000953674316], [0.0, 0.0, 0.0, 1.0]], [[1.0, 0.0, 0.0, 0.0], [-0.0, 6.123234262925839e-17, 1.0, 0.0], [0.0, -1.0, 6.123234262925839e-17, 2.4000000953674316], [0.0, 0.0, 0.0, 1.0]], [[0.5, 5.302876236065149e-17, 0.8660253882408142, 0.0], [-0.8660253882408142, 3.0616171314629196e-17, 0.5, 0.0], [0.0, -1.0, 6.123234262925839e-17, 2.4000000953674316], [0.0, 0.0, 0.0, 1.0]], [[-0.5, -5.302876236065149e-17, -0.8660253882408142, 0.0], [0.8660253882408142, -3.0616171314629196e-17, -0.5, 0.0], [0.0, -1.0, 6.123234262925839e-17, 2.4000000953674316], [0.0, 0.0, 0.0, 1.0]], [[-1.0, 7.498798786105971e-33, 1.2246468525851679e-16, 0.0], [-1.2246468525851679e-16, -6.123234262925839e-17, -1.0, 0.0], [0.0, -1.0, 6.123234262925839e-17, 2.4000000953674316], [0.0, 0.0, 0.0, 1.0]], [[-0.5, 5.302876236065149e-17, 0.8660253882408142, 0.0], [-0.8660253882408142, -3.0616171314629196e-17, -0.5, 0.0], [0.0, -1.0, 6.123234262925839e-17, 2.4000000953674316], [0.0, 0.0, 0.0, 1.0]]], "bev": "/shares/datasets/carla/Town04_100npcs/agents/0/birds_view_semantic_camera/80149.png", "pose": [[1.0, 0.0, 0.0, 0.0], [-0.0, 6.123234262925839e-17, 1.0, 0.0], [0.0, -1.0, 6.123234262925839e-17, 2.4000000953674316], [0.0, 0.0, 0.0, 1.0]]}, "8": {"cam_idx": [0, 1, 2, 3, 4, 5], "image": ["/shares/datasets/carla/Town04_100npcs/agents/0/left_front_camera/82579.png", "/shares/datasets/carla/Town04_100npcs/agents/0/front_camera/82579.png", "/shares/datasets/carla/Town04_100npcs/agents/0/right_front_camera/82579.png", "/shares/datasets/carla/Town04_100npcs/agents/0/left_back_camera/82579.png", "/shares/datasets/carla/Town04_100npcs/agents/0/back_camera/82579.png", "/shares/datasets/carla/Town04_100npcs/agents/0/right_back_camera/82579.png"], "intrinsics": [[[800.0, 0.0, 800.0], [0.0, 800.0, 450.0], [0.0, 0.0, 1.0]], [[800.0, 0.0, 800.0], [0.0, 800.0, 450.0], [0.0, 0.0, 1.0]], [[800.0, 0.0, 800.0], [0.0, 800.0, 450.0], [0.0, 0.0, 1.0]], [[800.0, 0.0, 800.0], [0.0, 800.0, 450.0], [0.0, 0.0, 1.0]], [[800.0, 0.0, 800.0], [0.0, 800.0, 450.0], [0.0, 0.0, 1.0]], [[800.0, 0.0, 800.0], [0.0, 800.0, 450.0], [0.0, 0.0, 1.0]]], "extrinsics": [[[0.5, -5.302876236065149e-17, -0.8660253882408142, 0.0], [0.8660253882408142, 3.0616171314629196e-17, 0.5, 0.0], [0.0, -1.0, 6.123234262925839e-17, 2.4000000953674316], [0.0, 0.0, 0.0, 1.0]], [[1.0, 0.0, 0.0, 0.0], [-0.0, 6.123234262925839e-17, 1.0, 0.0], [0.0, -1.0, 6.123234262925839e-17, 2.4000000953674316], [0.0, 0.0, 0.0, 1.0]], [[0.5, 5.302876236065149e-17, 0.8660253882408142, 0.0], [-0.8660253882408142, 3.0616171314629196e-17, 0.5, 0.0], [0.0, -1.0, 6.123234262925839e-17, 2.4000000953674316], [0.0, 0.0, 0.0, 1.0]], [[-0.5, -5.302876236065149e-17, -0.8660253882408142, 0.0], [0.8660253882408142, -3.0616171314629196e-17, -0.5, 0.0], [0.0, -1.0, 6.123234262925839e-17, 2.4000000953674316], [0.0, 0.0, 0.0, 1.0]], [[-1.0, 7.498798786105971e-33, 1.2246468525851679e-16, 0.0], [-1.2246468525851679e-16, -6.123234262925839e-17, -1.0, 0.0], [0.0, -1.0, 6.123234262925839e-17, 2.4000000953674316], [0.0, 0.0, 0.0, 1.0]], [[-0.5, 5.302876236065149e-17, 0.8660253882408142, 0.0], [-0.8660253882408142, -3.0616171314629196e-17, -0.5, 0.0], [0.0, -1.0, 6.123234262925839e-17, 2.4000000953674316], [0.0, 0.0, 0.0, 1.0]]], "bev": "/shares/datasets/carla/Town04_100npcs/agents/0/birds_view_semantic_camera/82579.png", "pose": [[1.0, 0.0, 0.0, 0.0], [-0.0, 6.123234262925839e-17, 1.0, 0.0], [0.0, -1.0, 6.123234262925839e-17, 2.4000000953674316], [0.0, 0.0, 0.0, 1.0]]}, "9": {"cam_idx": [0, 1, 2, 3, 4, 5], "image": ["/shares/datasets/carla/Town04_100npcs/agents/0/left_front_camera/86239.png", "/shares/datasets/carla/Town04_100npcs/agents/0/front_camera/86239.png", "/shares/datasets/carla/Town04_100npcs/agents/0/right_front_camera/86239.png", "/shares/datasets/carla/Town04_100npcs/agents/0/left_back_camera/86239.png", "/shares/datasets/carla/Town04_100npcs/agents/0/back_camera/86239.png", "/shares/datasets/carla/Town04_100npcs/agents/0/right_back_camera/86239.png"], "intrinsics": [[[800.0, 0.0, 800.0], [0.0, 800.0, 450.0], [0.0, 0.0, 1.0]], [[800.0, 0.0, 800.0], [0.0, 800.0, 450.0], [0.0, 0.0, 1.0]], [[800.0, 0.0, 800.0], [0.0, 800.0, 450.0], [0.0, 0.0, 1.0]], [[800.0, 0.0, 800.0], [0.0, 800.0, 450.0], [0.0, 0.0, 1.0]], [[800.0, 0.0, 800.0], [0.0, 800.0, 450.0], [0.0, 0.0, 1.0]], [[800.0, 0.0, 800.0], [0.0, 800.0, 450.0], [0.0, 0.0, 1.0]]], "extrinsics": [[[0.5, -5.302876236065149e-17, -0.8660253882408142, 0.0], [0.8660253882408142, 3.0616171314629196e-17, 0.5, 0.0], [0.0, -1.0, 6.123234262925839e-17, 2.4000000953674316], [0.0, 0.0, 0.0, 1.0]], [[1.0, 0.0, 0.0, 0.0], [-0.0, 6.123234262925839e-17, 1.0, 0.0], [0.0, -1.0, 6.123234262925839e-17, 2.4000000953674316], [0.0, 0.0, 0.0, 1.0]], [[0.5, 5.302876236065149e-17, 0.8660253882408142, 0.0], [-0.8660253882408142, 3.0616171314629196e-17, 0.5, 0.0], [0.0, -1.0, 6.123234262925839e-17, 2.4000000953674316], [0.0, 0.0, 0.0, 1.0]], [[-0.5, -5.302876236065149e-17, -0.8660253882408142, 0.0], [0.8660253882408142, -3.0616171314629196e-17, -0.5, 0.0], [0.0, -1.0, 6.123234262925839e-17, 2.4000000953674316], [0.0, 0.0, 0.0, 1.0]], [[-1.0, 7.498798786105971e-33, 1.2246468525851679e-16, 0.0], [-1.2246468525851679e-16, -6.123234262925839e-17, -1.0, 0.0], [0.0, -1.0, 6.123234262925839e-17, 2.4000000953674316], [0.0, 0.0, 0.0, 1.0]], [[-0.5, 5.302876236065149e-17, 0.8660253882408142, 0.0], [-0.8660253882408142, -3.0616171314629196e-17, -0.5, 0.0], [0.0, -1.0, 6.123234262925839e-17, 2.4000000953674316], [0.0, 0.0, 0.0, 1.0]]], "bev": "/shares/datasets/carla/Town04_100npcs/agents/0/birds_view_semantic_camera/86239.png", "pose": [[1.0, 0.0, 0.0, 0.0], [-0.0, 6.123234262925839e-17, 1.0, 0.0], [0.0, -1.0, 6.123234262925839e-17, 2.4000000953674316], [0.0, 0.0, 0.0, 1.0]]}, "10": {"cam_idx": [0, 1, 2, 3, 4, 5], "image": ["/shares/datasets/carla/Town04_100npcs/agents/0/left_front_camera/81749.png", "/shares/datasets/carla/Town04_100npcs/agents/0/front_camera/81749.png", "/shares/datasets/carla/Town04_100npcs/agents/0/right_front_camera/81749.png", "/shares/datasets/carla/Town04_100npcs/agents/0/left_back_camera/81749.png", "/shares/datasets/carla/Town04_100npcs/agents/0/back_camera/81749.png", "/shares/datasets/carla/Town04_100npcs/agents/0/right_back_camera/81749.png"], "intrinsics": [[[800.0, 0.0, 800.0], [0.0, 800.0, 450.0], [0.0, 0.0, 1.0]], [[800.0, 0.0, 800.0], [0.0, 800.0, 450.0], [0.0, 0.0, 1.0]], [[800.0, 0.0, 800.0], [0.0, 800.0, 450.0], [0.0, 0.0, 1.0]], [[800.0, 0.0, 800.0], [0.0, 800.0, 450.0], [0.0, 0.0, 1.0]], [[800.0, 0.0, 800.0], [0.0, 800.0, 450.0], [0.0, 0.0, 1.0]], [[800.0, 0.0, 800.0], [0.0, 800.0, 450.0], [0.0, 0.0, 1.0]]], "extrinsics": [[[0.5, -5.302876236065149e-17, -0.8660253882408142, 0.0], [0.8660253882408142, 3.0616171314629196e-17, 0.5, 0.0], [0.0, -1.0, 6.123234262925839e-17, 2.4000000953674316], [0.0, 0.0, 0.0, 1.0]], [[1.0, 0.0, 0.0, 0.0], [-0.0, 6.123234262925839e-17, 1.0, 0.0], [0.0, -1.0, 6.123234262925839e-17, 2.4000000953674316], [0.0, 0.0, 0.0, 1.0]], [[0.5, 5.302876236065149e-17, 0.8660253882408142, 0.0], [-0.8660253882408142, 3.0616171314629196e-17, 0.5, 0.0], [0.0, -1.0, 6.123234262925839e-17, 2.4000000953674316], [0.0, 0.0, 0.0, 1.0]], [[-0.5, -5.302876236065149e-17, -0.8660253882408142, 0.0], [0.8660253882408142, -3.0616171314629196e-17, -0.5, 0.0], [0.0, -1.0, 6.123234262925839e-17, 2.4000000953674316], [0.0, 0.0, 0.0, 1.0]], [[-1.0, 7.498798786105971e-33, 1.2246468525851679e-16, 0.0], [-1.2246468525851679e-16, -6.123234262925839e-17, -1.0, 0.0], [0.0, -1.0, 6.123234262925839e-17, 2.4000000953674316], [0.0, 0.0, 0.0, 1.0]], [[-0.5, 5.302876236065149e-17, 0.8660253882408142, 0.0], [-0.8660253882408142, -3.0616171314629196e-17, -0.5, 0.0], [0.0, -1.0, 6.123234262925839e-17, 2.4000000953674316], [0.0, 0.0, 0.0, 1.0]]], "bev": "/shares/datasets/carla/Town04_100npcs/agents/0/birds_view_semantic_camera/81749.png", "pose": [[1.0, 0.0, 0.0, 0.0], [-0.0, 6.123234262925839e-17, 1.0, 0.0], [0.0, -1.0, 6.123234262925839e-17, 2.4000000953674316], [0.0, 0.0, 0.0, 1.0]]}, "11": {"cam_idx": [0, 1, 2, 3, 4, 5], "image": ["/shares/datasets/carla/Town04_100npcs/agents/0/left_front_camera/81349.png", "/shares/datasets/carla/Town04_100npcs/agents/0/front_camera/81349.png", "/shares/datasets/carla/Town04_100npcs/agents/0/right_front_camera/81349.png", "/shares/datasets/carla/Town04_100npcs/agents/0/left_back_camera/81349.png", "/shares/datasets/carla/Town04_100npcs/agents/0/back_camera/81349.png", "/shares/datasets/carla/Town04_100npcs/agents/0/right_back_camera/81349.png"], "intrinsics": [[[800.0, 0.0, 800.0], [0.0, 800.0, 450.0], [0.0, 0.0, 1.0]], [[800.0, 0.0, 800.0], [0.0, 800.0, 450.0], [0.0, 0.0, 1.0]], [[800.0, 0.0, 800.0], [0.0, 800.0, 450.0], [0.0, 0.0, 1.0]], [[800.0, 0.0, 800.0], [0.0, 800.0, 450.0], [0.0, 0.0, 1.0]], [[800.0, 0.0, 800.0], [0.0, 800.0, 450.0], [0.0, 0.0, 1.0]], [[800.0, 0.0, 800.0], [0.0, 800.0, 450.0], [0.0, 0.0, 1.0]]], "extrinsics": [[[0.5, -5.302876236065149e-17, -0.8660253882408142, 0.0], [0.8660253882408142, 3.0616171314629196e-17, 0.5, 0.0], [0.0, -1.0, 6.123234262925839e-17, 2.4000000953674316], [0.0, 0.0, 0.0, 1.0]], [[1.0, 0.0, 0.0, 0.0], [-0.0, 6.123234262925839e-17, 1.0, 0.0], [0.0, -1.0, 6.123234262925839e-17, 2.4000000953674316], [0.0, 0.0, 0.0, 1.0]], [[0.5, 5.302876236065149e-17, 0.8660253882408142, 0.0], [-0.8660253882408142, 3.0616171314629196e-17, 0.5, 0.0], [0.0, -1.0, 6.123234262925839e-17, 2.4000000953674316], [0.0, 0.0, 0.0, 1.0]], [[-0.5, -5.302876236065149e-17, -0.8660253882408142, 0.0], [0.8660253882408142, -3.0616171314629196e-17, -0.5, 0.0], [0.0, -1.0, 6.123234262925839e-17, 2.4000000953674316], [0.0, 0.0, 0.0, 1.0]], [[-1.0, 7.498798786105971e-33, 1.2246468525851679e-16, 0.0], [-1.2246468525851679e-16, -6.123234262925839e-17, -1.0, 0.0], [0.0, -1.0, 6.123234262925839e-17, 2.4000000953674316], [0.0, 0.0, 0.0, 1.0]], [[-0.5, 5.302876236065149e-17, 0.8660253882408142, 0.0], [-0.8660253882408142, -3.0616171314629196e-17, -0.5, 0.0], [0.0, -1.0, 6.123234262925839e-17, 2.4000000953674316], [0.0, 0.0, 0.0, 1.0]]], "bev": "/shares/datasets/carla/Town04_100npcs/agents/0/birds_view_semantic_camera/81349.png", "pose": [[1.0, 0.0, 0.0, 0.0], [-0.0, 6.123234262925839e-17, 1.0, 0.0], [0.0, -1.0, 6.123234262925839e-17, 2.4000000953674316], [0.0, 0.0, 0.0, 1.0]]}, "12": {"cam_idx": [0, 1, 2, 3, 4, 5], "image": ["/shares/datasets/carla/Town04_100npcs/agents/0/left_front_camera/84589.png", "/shares/datasets/carla/Town04_100npcs/agents/0/front_camera/84589.png", "/shares/datasets/carla/Town04_100npcs/agents/0/right_front_camera/84589.png", "/shares/datasets/carla/Town04_100npcs/agents/0/left_back_camera/84589.png", "/shares/datasets/carla/Town04_100npcs/agents/0/back_camera/84589.png", "/shares/datasets/carla/Town04_100npcs/agents/0/right_back_camera/84589.png"], "intrinsics": [[[800.0, 0.0, 800.0], [0.0, 800.0, 450.0], [0.0, 0.0, 1.0]], [[800.0, 0.0, 800.0], [0.0, 800.0, 450.0], [0.0, 0.0, 1.0]], [[800.0, 0.0, 800.0], [0.0, 800.0, 450.0], [0.0, 0.0, 1.0]], [[800.0, 0.0, 800.0], [0.0, 800.0, 450.0], [0.0, 0.0, 1.0]], [[800.0, 0.0, 800.0], [0.0, 800.0, 450.0], [0.0, 0.0, 1.0]], [[800.0, 0.0, 800.0], [0.0, 800.0, 450.0], [0.0, 0.0, 1.0]]], "extrinsics": [[[0.5, -5.302876236065149e-17, -0.8660253882408142, 0.0], [0.8660253882408142, 3.0616171314629196e-17, 0.5, 0.0], [0.0, -1.0, 6.123234262925839e-17, 2.4000000953674316], [0.0, 0.0, 0.0, 1.0]], [[1.0, 0.0, 0.0, 0.0], [-0.0, 6.123234262925839e-17, 1.0, 0.0], [0.0, -1.0, 6.123234262925839e-17, 2.4000000953674316], [0.0, 0.0, 0.0, 1.0]], [[0.5, 5.302876236065149e-17, 0.8660253882408142, 0.0], [-0.8660253882408142, 3.0616171314629196e-17, 0.5, 0.0], [0.0, -1.0, 6.123234262925839e-17, 2.4000000953674316], [0.0, 0.0, 0.0, 1.0]], [[-0.5, -5.302876236065149e-17, -0.8660253882408142, 0.0], [0.8660253882408142, -3.0616171314629196e-17, -0.5, 0.0], [0.0, -1.0, 6.123234262925839e-17, 2.4000000953674316], [0.0, 0.0, 0.0, 1.0]], [[-1.0, 7.498798786105971e-33, 1.2246468525851679e-16, 0.0], [-1.2246468525851679e-16, -6.123234262925839e-17, -1.0, 0.0], [0.0, -1.0, 6.123234262925839e-17, 2.4000000953674316], [0.0, 0.0, 0.0, 1.0]], [[-0.5, 5.302876236065149e-17, 0.8660253882408142, 0.0], [-0.8660253882408142, -3.0616171314629196e-17, -0.5, 0.0], [0.0, -1.0, 6.123234262925839e-17, 2.4000000953674316], [0.0, 0.0, 0.0, 1.0]]], "bev": "/shares/datasets/carla/Town04_100npcs/agents/0/birds_view_semantic_camera/84589.png", "pose": [[1.0, 0.0, 0.0, 0.0], [-0.0, 6.123234262925839e-17, 1.0, 0.0], [0.0, -1.0, 6.123234262925839e-17, 2.4000000953674316], [0.0, 0.0, 0.0, 1.0]]}, "13": {"cam_idx": [0, 1, 2, 3, 4, 5], "image": ["/shares/datasets/carla/Town04_100npcs/agents/0/left_front_camera/80849.png", "/shares/datasets/carla/Town04_100npcs/agents/0/front_camera/80849.png", "/shares/datasets/carla/Town04_100npcs/agents/0/right_front_camera/80849.png", "/shares/datasets/carla/Town04_100npcs/agents/0/left_back_camera/80849.png", "/shares/datasets/carla/Town04_100npcs/agents/0/back_camera/80849.png", "/shares/datasets/carla/Town04_100npcs/agents/0/right_back_camera/80849.png"], "intrinsics": [[[800.0, 0.0, 800.0], [0.0, 800.0, 450.0], [0.0, 0.0, 1.0]], [[800.0, 0.0, 800.0], [0.0, 800.0, 450.0], [0.0, 0.0, 1.0]], [[800.0, 0.0, 800.0], [0.0, 800.0, 450.0], [0.0, 0.0, 1.0]], [[800.0, 0.0, 800.0], [0.0, 800.0, 450.0], [0.0, 0.0, 1.0]], [[800.0, 0.0, 800.0], [0.0, 800.0, 450.0], [0.0, 0.0, 1.0]], [[800.0, 0.0, 800.0], [0.0, 800.0, 450.0], [0.0, 0.0, 1.0]]], "extrinsics": [[[0.5, -5.302876236065149e-17, -0.8660253882408142, 0.0], [0.8660253882408142, 3.0616171314629196e-17, 0.5, 0.0], [0.0, -1.0, 6.123234262925839e-17, 2.4000000953674316], [0.0, 0.0, 0.0, 1.0]], [[1.0, 0.0, 0.0, 0.0], [-0.0, 6.123234262925839e-17, 1.0, 0.0], [0.0, -1.0, 6.123234262925839e-17, 2.4000000953674316], [0.0, 0.0, 0.0, 1.0]], [[0.5, 5.302876236065149e-17, 0.8660253882408142, 0.0], [-0.8660253882408142, 3.0616171314629196e-17, 0.5, 0.0], [0.0, -1.0, 6.123234262925839e-17, 2.4000000953674316], [0.0, 0.0, 0.0, 1.0]], [[-0.5, -5.302876236065149e-17, -0.8660253882408142, 0.0], [0.8660253882408142, -3.0616171314629196e-17, -0.5, 0.0], [0.0, -1.0, 6.123234262925839e-17, 2.4000000953674316], [0.0, 0.0, 0.0, 1.0]], [[-1.0, 7.498798786105971e-33, 1.2246468525851679e-16, 0.0], [-1.2246468525851679e-16, -6.123234262925839e-17, -1.0, 0.0], [0.0, -1.0, 6.123234262925839e-17, 2.4000000953674316], [0.0, 0.0, 0.0, 1.0]], [[-0.5, 5.302876236065149e-17, 0.8660253882408142, 0.0], [-0.8660253882408142, -3.0616171314629196e-17, -0.5, 0.0], [0.0, -1.0, 6.123234262925839e-17, 2.4000000953674316], [0.0, 0.0, 0.0, 1.0]]], "bev": "/shares/datasets/carla/Town04_100npcs/agents/0/birds_view_semantic_camera/80849.png", "pose": [[1.0, 0.0, 0.0, 0.0], [-0.0, 6.123234262925839e-17, 1.0, 0.0], [0.0, -1.0, 6.123234262925839e-17, 2.4000000953674316], [0.0, 0.0, 0.0, 1.0]]}, "14": {"cam_idx": [0, 1, 2, 3, 4, 5], "image": ["/shares/datasets/carla/Town04_100npcs/agents/0/left_front_camera/78769.png", "/shares/datasets/carla/Town04_100npcs/agents/0/front_camera/78769.png", "/shares/datasets/carla/Town04_100npcs/agents/0/right_front_camera/78769.png", "/shares/datasets/carla/Town04_100npcs/agents/0/left_back_camera/78769.png", "/shares/datasets/carla/Town04_100npcs/agents/0/back_camera/78769.png", "/shares/datasets/carla/Town04_100npcs/agents/0/right_back_camera/78769.png"], "intrinsics": [[[800.0, 0.0, 800.0], [0.0, 800.0, 450.0], [0.0, 0.0, 1.0]], [[800.0, 0.0, 800.0], [0.0, 800.0, 450.0], [0.0, 0.0, 1.0]], [[800.0, 0.0, 800.0], [0.0, 800.0, 450.0], [0.0, 0.0, 1.0]], [[800.0, 0.0, 800.0], [0.0, 800.0, 450.0], [0.0, 0.0, 1.0]], [[800.0, 0.0, 800.0], [0.0, 800.0, 450.0], [0.0, 0.0, 1.0]], [[800.0, 0.0, 800.0], [0.0, 800.0, 450.0], [0.0, 0.0, 1.0]]], "extrinsics": [[[0.5, -5.302876236065149e-17, -0.8660253882408142, 0.0], [0.8660253882408142, 3.0616171314629196e-17, 0.5, 0.0], [0.0, -1.0, 6.123234262925839e-17, 2.4000000953674316], [0.0, 0.0, 0.0, 1.0]], [[1.0, 0.0, 0.0, 0.0], [-0.0, 6.123234262925839e-17, 1.0, 0.0], [0.0, -1.0, 6.123234262925839e-17, 2.4000000953674316], [0.0, 0.0, 0.0, 1.0]], [[0.5, 5.302876236065149e-17, 0.8660253882408142, 0.0], [-0.8660253882408142, 3.0616171314629196e-17, 0.5, 0.0], [0.0, -1.0, 6.123234262925839e-17, 2.4000000953674316], [0.0, 0.0, 0.0, 1.0]], [[-0.5, -5.302876236065149e-17, -0.8660253882408142, 0.0], [0.8660253882408142, -3.0616171314629196e-17, -0.5, 0.0], [0.0, -1.0, 6.123234262925839e-17, 2.4000000953674316], [0.0, 0.0, 0.0, 1.0]], [[-1.0, 7.498798786105971e-33, 1.2246468525851679e-16, 0.0], [-1.2246468525851679e-16, -6.123234262925839e-17, -1.0, 0.0], [0.0, -1.0, 6.123234262925839e-17, 2.4000000953674316], [0.0, 0.0, 0.0, 1.0]], [[-0.5, 5.302876236065149e-17, 0.8660253882408142, 0.0], [-0.8660253882408142, -3.0616171314629196e-17, -0.5, 0.0], [0.0, -1.0, 6.123234262925839e-17, 2.4000000953674316], [0.0, 0.0, 0.0, 1.0]]], "bev": "/shares/datasets/carla/Town04_100npcs/agents/0/birds_view_semantic_camera/78769.png", "pose": [[1.0, 0.0, 0.0, 0.0], [-0.0, 6.123234262925839e-17, 1.0, 0.0], [0.0, -1.0, 6.123234262925839e-17, 2.4000000953674316], [0.0, 0.0, 0.0, 1.0]]}, "15": {"cam_idx": [0, 1, 2, 3, 4, 5], "image": ["/shares/datasets/carla/Town04_100npcs/agents/0/left_front_camera/80289.png", "/shares/datasets/carla/Town04_100npcs/agents/0/front_camera/80289.png", "/shares/datasets/carla/Town04_100npcs/agents/0/right_front_camera/80289.png", "/shares/datasets/carla/Town04_100npcs/agents/0/left_back_camera/80289.png", "/shares/datasets/carla/Town04_100npcs/agents/0/back_camera/80289.png", "/shares/datasets/carla/Town04_100npcs/agents/0/right_back_camera/80289.png"], "intrinsics": [[[800.0, 0.0, 800.0], [0.0, 800.0, 450.0], [0.0, 0.0, 1.0]], [[800.0, 0.0, 800.0], [0.0, 800.0, 450.0], [0.0, 0.0, 1.0]], [[800.0, 0.0, 800.0], [0.0, 800.0, 450.0], [0.0, 0.0, 1.0]], [[800.0, 0.0, 800.0], [0.0, 800.0, 450.0], [0.0, 0.0, 1.0]], [[800.0, 0.0, 800.0], [0.0, 800.0, 450.0], [0.0, 0.0, 1.0]], [[800.0, 0.0, 800.0], [0.0, 800.0, 450.0], [0.0, 0.0, 1.0]]], "extrinsics": [[[0.5, -5.302876236065149e-17, -0.8660253882408142, 0.0], [0.8660253882408142, 3.0616171314629196e-17, 0.5, 0.0], [0.0, -1.0, 6.123234262925839e-17, 2.4000000953674316], [0.0, 0.0, 0.0, 1.0]], [[1.0, 0.0, 0.0, 0.0], [-0.0, 6.123234262925839e-17, 1.0, 0.0], [0.0, -1.0, 6.123234262925839e-17, 2.4000000953674316], [0.0, 0.0, 0.0, 1.0]], [[0.5, 5.302876236065149e-17, 0.8660253882408142, 0.0], [-0.8660253882408142, 3.0616171314629196e-17, 0.5, 0.0], [0.0, -1.0, 6.123234262925839e-17, 2.4000000953674316], [0.0, 0.0, 0.0, 1.0]], [[-0.5, -5.302876236065149e-17, -0.8660253882408142, 0.0], [0.8660253882408142, -3.0616171314629196e-17, -0.5, 0.0], [0.0, -1.0, 6.123234262925839e-17, 2.4000000953674316], [0.0, 0.0, 0.0, 1.0]], [[-1.0, 7.498798786105971e-33, 1.2246468525851679e-16, 0.0], [-1.2246468525851679e-16, -6.123234262925839e-17, -1.0, 0.0], [0.0, -1.0, 6.123234262925839e-17, 2.4000000953674316], [0.0, 0.0, 0.0, 1.0]], [[-0.5, 5.302876236065149e-17, 0.8660253882408142, 0.0], [-0.8660253882408142, -3.0616171314629196e-17, -0.5, 0.0], [0.0, -1.0, 6.123234262925839e-17, 2.4000000953674316], [0.0, 0.0, 0.0, 1.0]]], "bev": "/shares/datasets/carla/Town04_100npcs/agents/0/birds_view_semantic_camera/80289.png", "pose": [[1.0, 0.0, 0.0, 0.0], [-0.0, 6.123234262925839e-17, 1.0, 0.0], [0.0, -1.0, 6.123234262925839e-17, 2.4000000953674316], [0.0, 0.0, 0.0, 1.0]]}, "16": {"cam_idx": [0, 1, 2, 3, 4, 5], "image": ["/shares/datasets/carla/Town04_100npcs/agents/0/left_front_camera/80109.png", "/shares/datasets/carla/Town04_100npcs/agents/0/front_camera/80109.png", "/shares/datasets/carla/Town04_100npcs/agents/0/right_front_camera/80109.png", "/shares/datasets/carla/Town04_100npcs/agents/0/left_back_camera/80109.png", "/shares/datasets/carla/Town04_100npcs/agents/0/back_camera/80109.png", "/shares/datasets/carla/Town04_100npcs/agents/0/right_back_camera/80109.png"], "intrinsics": [[[800.0, 0.0, 800.0], [0.0, 800.0, 450.0], [0.0, 0.0, 1.0]], [[800.0, 0.0, 800.0], [0.0, 800.0, 450.0], [0.0, 0.0, 1.0]], [[800.0, 0.0, 800.0], [0.0, 800.0, 450.0], [0.0, 0.0, 1.0]], [[800.0, 0.0, 800.0], [0.0, 800.0, 450.0], [0.0, 0.0, 1.0]], [[800.0, 0.0, 800.0], [0.0, 800.0, 450.0], [0.0, 0.0, 1.0]], [[800.0, 0.0, 800.0], [0.0, 800.0, 450.0], [0.0, 0.0, 1.0]]], "extrinsics": [[[0.5, -5.302876236065149e-17, -0.8660253882408142, 0.0], [0.8660253882408142, 3.0616171314629196e-17, 0.5, 0.0], [0.0, -1.0, 6.123234262925839e-17, 2.4000000953674316], [0.0, 0.0, 0.0, 1.0]], [[1.0, 0.0, 0.0, 0.0], [-0.0, 6.123234262925839e-17, 1.0, 0.0], [0.0, -1.0, 6.123234262925839e-17, 2.4000000953674316], [0.0, 0.0, 0.0, 1.0]], [[0.5, 5.302876236065149e-17, 0.8660253882408142, 0.0], [-0.8660253882408142, 3.0616171314629196e-17, 0.5, 0.0], [0.0, -1.0, 6.123234262925839e-17, 2.4000000953674316], [0.0, 0.0, 0.0, 1.0]], [[-0.5, -5.302876236065149e-17, -0.8660253882408142, 0.0], [0.8660253882408142, -3.0616171314629196e-17, -0.5, 0.0], [0.0, -1.0, 6.123234262925839e-17, 2.4000000953674316], [0.0, 0.0, 0.0, 1.0]], [[-1.0, 7.498798786105971e-33, 1.2246468525851679e-16, 0.0], [-1.2246468525851679e-16, -6.123234262925839e-17, -1.0, 0.0], [0.0, -1.0, 6.123234262925839e-17, 2.4000000953674316], [0.0, 0.0, 0.0, 1.0]], [[-0.5, 5.302876236065149e-17, 0.8660253882408142, 0.0], [-0.8660253882408142, -3.0616171314629196e-17, -0.5, 0.0], [0.0, -1.0, 6.123234262925839e-17, 2.4000000953674316], [0.0, 0.0, 0.0, 1.0]]], "bev": "/shares/datasets/carla/Town04_100npcs/agents/0/birds_view_semantic_camera/80109.png", "pose": [[1.0, 0.0, 0.0, 0.0], [-0.0, 6.123234262925839e-17, 1.0, 0.0], [0.0, -1.0, 6.123234262925839e-17, 2.4000000953674316], [0.0, 0.0, 0.0, 1.0]]}, "17": {"cam_idx": [0, 1, 2, 3, 4, 5], "image": ["/shares/datasets/carla/Town04_100npcs/agents/0/left_front_camera/78539.png", "/shares/datasets/carla/Town04_100npcs/agents/0/front_camera/78539.png", "/shares/datasets/carla/Town04_100npcs/agents/0/right_front_camera/78539.png", "/shares/datasets/carla/Town04_100npcs/agents/0/left_back_camera/78539.png", "/shares/datasets/carla/Town04_100npcs/agents/0/back_camera/78539.png", "/shares/datasets/carla/Town04_100npcs/agents/0/right_back_camera/78539.png"], "intrinsics": [[[800.0, 0.0, 800.0], [0.0, 800.0, 450.0], [0.0, 0.0, 1.0]], [[800.0, 0.0, 800.0], [0.0, 800.0, 450.0], [0.0, 0.0, 1.0]], [[800.0, 0.0, 800.0], [0.0, 800.0, 450.0], [0.0, 0.0, 1.0]], [[800.0, 0.0, 800.0], [0.0, 800.0, 450.0], [0.0, 0.0, 1.0]], [[800.0, 0.0, 800.0], [0.0, 800.0, 450.0], [0.0, 0.0, 1.0]], [[800.0, 0.0, 800.0], [0.0, 800.0, 450.0], [0.0, 0.0, 1.0]]], "extrinsics": [[[0.5, -5.302876236065149e-17, -0.8660253882408142, 0.0], [0.8660253882408142, 3.0616171314629196e-17, 0.5, 0.0], [0.0, -1.0, 6.123234262925839e-17, 2.4000000953674316], [0.0, 0.0, 0.0, 1.0]], [[1.0, 0.0, 0.0, 0.0], [-0.0, 6.123234262925839e-17, 1.0, 0.0], [0.0, -1.0, 6.123234262925839e-17, 2.4000000953674316], [0.0, 0.0, 0.0, 1.0]], [[0.5, 5.302876236065149e-17, 0.8660253882408142, 0.0], [-0.8660253882408142, 3.0616171314629196e-17, 0.5, 0.0], [0.0, -1.0, 6.123234262925839e-17, 2.4000000953674