images: ['samples/CAM_FRONT_LEFT/n008-2018-08-30-10-33-52-0400__CAM_FRONT_LEFT__1535639636654799.jpg', 'samples/CAM_FRONT/n008-2018-08-30-10-33-52-0400__CAM_FRONT__1535639636662404.jpg', 'samples/CAM_FRONT_RIGHT/n008-2018-08-30-10-33-52-0400__CAM_FRONT_RIGHT__1535639636670482.jpg', 'samples/CAM_BACK_LEFT/n008-2018-08-30-10-33-52-0400__CAM_BACK_LEFT__1535639636699699.jpg', 'samples/CAM_BACK/n008-2018-08-30-10-33-52-0400__CAM_BACK__1535639636687558.jpg', 'samples/CAM_BACK_RIGHT/n008-2018-08-30-10-33-52-0400__CAM_BACK_RIGHT__1535639636678113.jpg']
intrinsics: [[[1257.8625342125129, 0.0, 827.2410631095686], [0.0, 1257.8625342125129, 450.915498205774], [0.0, 0.0, 1.0]], [[1252.8131021185304, 0.0, 826.588114781398], [0.0, 1252.8131021185304, 469.9846626224581], [0.0, 0.0, 1.0]], [[1256.7485116440405, 0.0, 817.7887570959712], [0.0, 1256.7485116440403, 451.9541780095127], [0.0, 0.0, 1.0]], [[1254.9860565800168, 0.0, 829.5769333630991], [0.0, 1254.9860565800168, 467.1680561863987], [0.0, 0.0, 1.0]], [[796.8910634503094, 0.0, 857.7774326863696], [0.0, 796.8910634503094, 476.8848988407415], [0.0, 0.0, 1.0]], [[1249.9629280788233, 0.0, 825.3768045375984], [0.0, 1249.9629280788233, 462.54816385708756], [0.0, 0.0, 1.0]]]
extrinsics: [[[0.8227205276489258, -0.5682039260864258, 0.0165962353348732, -0.912567138671875], [0.029975267127156258, 0.014209981076419353, -0.999449610710144, 1.4915847778320312], [0.5676553249359131, 0.8227652311325073, 0.02872290275990963, -1.272216796875], [0.0, 0.0, 0.0, 1.0]], [[0.011085569858551025, -0.9998910427093506, -0.009743613190948963, 0.009033203125], [0.03193312883377075, 0.010093240067362785, -0.9994390606880188, 1.4836769104003906], [0.9994285106658936, 0.010768145322799683, 0.03204154223203659, -1.62396240234375], [0.0, 0.0, 0.0, 1.0]], [[-0.8430840969085693, -0.5366758704185486, -0.03446755185723305, 0.998291015625], [0.0399569608271122, 0.0014029107987880707, -0.9992004036903381, 1.49749755859375], [0.5362951755523682, -0.8437873125076294, 0.020261166617274284, -1.216217041015625], [0.0, 0.0, 0.0, 1.0]], [[0.9476106762886047, 0.3188634514808655, 0.01897362433373928, -1.1422119140625], [0.01436895877122879, 0.01678716391324997, -0.9997557997703552, 1.5620594024658203], [-0.3191041350364685, 0.9476519823074341, 0.0113259581848979, -0.15771484375], [0.0, 0.0, 0.0, 1.0]], [[0.008623659610748291, 0.999920129776001, 0.00924130342900753, -0.0294189453125], [0.0166021715849638, 0.009097202681005001, -0.9998207688331604, 1.5689849853515625], [-0.9998250007629395, 0.008775502443313599, -0.016522394493222237, -0.0118408203125], [0.0, 0.0, 0.0, 1.0]], [[-0.9236220717430115, 0.3825169801712036, -0.024554822593927383, 1.06903076171875], [0.020912867039442062, -0.013676692731678486, -0.9996877908706665, 1.5498952865600586], [-0.38273346424102783, -0.9238471984863281, 0.00463256798684597, -0.0792236328125], [0.0, 0.0, 0.0, 1.0]]]
view: [[0.0, -2.0, 100.0], [-2.0, 0.0, 100.0], [0.0, 0.0, 1.0]]
bev: bev_4e26b42796024b45a9a852738e3701bb.png
aux: aux_4e26b42796024b45a9a852738e3701bb.npz
visibility: visibility_4e26b42796024b45a9a852738e3701bb.png
pose: [[0.8264261484146118, 0.5630451440811157, 0.0, 1224.58203125], [-0.5630451440811157, 0.8264261484146118, 0.0, 1521.1666259765625], [0.0, 0.0, 1.0, 0.0], [0.0, 0.0, 0.0, 1.0]]
pose_inverse: [[0.8264261484146118, -0.5630451440811157, 0.0, -155.5410614013672], [0.5630451440811157, 0.8264261484146118, 0.0, -1946.6268310546875], [0.0, 0.0, 1.0, 0.0], [0.0, 0.0, 0.0, 1.0]]
cam_ids: [0, 1, 2, 3, 4, 5]
cam_channels: ['CAM_FRONT_LEFT', 'CAM_FRONT', 'CAM_FRONT_RIGHT', 'CAM_BACK_LEFT', 'CAM_BACK', 'CAM_BACK_RIGHT']
token: 4e26b42796024b45a9a852738e3701bb
scene: scene-0519




CARLA dataset:
images - found
intrinsics - need to find
extrinsics
view
bev - labels (we found)
aux
visibility
pose
pose_inverse
cam_ids
cam_channels
token
scene